# Created by Octave 4.4.0, Tue Sep 17 16:54:06 2019 GMT <unknown@MRO-CFRL-D012>
# name: params
# type: matrix
# rows: 11
# columns: 1
 0.95999999999999996
 0.10000000000000001
 0.33000000000000002
 1.2
 1
 0.80000000000000004
 0.90000000000000002
 1.5
 6.5
 0.10000000000000001
 0.5


