# Created by Octave 4.4.0, Tue Sep 17 16:54:07 2019 GMT <unknown@MRO-CFRL-D012>
# name: vars_ss
# type: complex matrix
# rows: 1
# columns: 8
 (1.9577179603945685,0.41709308799986683) (0.097957974547775759,0.4159020013900328) (-0.97955417733605643,8.5975290566523414e-005) (-0.084276057422804682,-0.036410978442884864) (-0.036843151008754932,0.042623790574818854) (0.25563972639453281,0.12292979007267213) (0.63118990454134194,0.77229565182060345) (1.9265223687548771,-0.20414803060257469)


