# Created by Octave 4.4.0, Mon Jan 14 22:23:11 2019 GMT <unknown@DESKTOP-ALNC486>
# name: params
# type: matrix
# rows: 1
# columns: 9
 0.95999999999999996 0.10000000000000001 1 2 2 1.1000000000000001 2 0.80000000000000004 0.33000000000000002


