# Created by Octave 4.4.0, Mon Jan 14 22:57:56 2019 GMT <unknown@DESKTOP-ALNC486>
# name: xss
# type: matrix
# rows: 1
# columns: 9
 0.033826622231291396 6.4315605961342115 0.056580266096220591 0.047332482217058325 0.19967159942974283 0.00022381237374434753 2.2657318428923325 34.521480566393869 0.043315247582491924


