# Created by Octave 4.4.0, Tue Jan 15 14:17:57 2019 GMT <unknown@MRO-CFRL-D012>
# name: xss
# type: matrix
# rows: 1
# columns: 7
 5.5991950759349488e-007 3.5276324801540855 0.14180751756530641 -5.2647370089269994e-007 0.33519701816637132 0.016541441721204472 1.3833687770889181e-007


